Gaussian Kernel 21x21:
[
   0.00125,  0.00136,  0.00147,  0.00158,  0.00167,  0.00176,  0.00183,  0.00189,  0.00193,  0.00196,  0.00197,  0.00196,  0.00193,  0.00189,  0.00183,  0.00176,  0.00167,  0.00158,  0.00147,  0.00136,  0.00125,
   0.00136,  0.00148,  0.00160,  0.00172,  0.00182,  0.00191,  0.00199,  0.00206,  0.00211,  0.00213,  0.00214,  0.00213,  0.00211,  0.00206,  0.00199,  0.00191,  0.00182,  0.00172,  0.00160,  0.00148,  0.00136,
   0.00147,  0.00160,  0.00173,  0.00185,  0.00197,  0.00207,  0.00215,  0.00222,  0.00227,  0.00231,  0.00232,  0.00231,  0.00227,  0.00222,  0.00215,  0.00207,  0.00197,  0.00185,  0.00173,  0.00160,  0.00147,
   0.00158,  0.00172,  0.00185,  0.00198,  0.00211,  0.00221,  0.00231,  0.00238,  0.00243,  0.00247,  0.00248,  0.00247,  0.00243,  0.00238,  0.00231,  0.00221,  0.00211,  0.00198,  0.00185,  0.00172,  0.00158,
   0.00167,  0.00182,  0.00197,  0.00211,  0.00223,  0.00235,  0.00245,  0.00252,  0.00258,  0.00262,  0.00263,  0.00262,  0.00258,  0.00252,  0.00245,  0.00235,  0.00223,  0.00211,  0.00197,  0.00182,  0.00167,
   0.00176,  0.00191,  0.00207,  0.00221,  0.00235,  0.00247,  0.00257,  0.00265,  0.00271,  0.00275,  0.00276,  0.00275,  0.00271,  0.00265,  0.00257,  0.00247,  0.00235,  0.00221,  0.00207,  0.00191,  0.00176,
   0.00183,  0.00199,  0.00215,  0.00231,  0.00245,  0.00257,  0.00268,  0.00276,  0.00283,  0.00287,  0.00288,  0.00287,  0.00283,  0.00276,  0.00268,  0.00257,  0.00245,  0.00231,  0.00215,  0.00199,  0.00183,
   0.00189,  0.00206,  0.00222,  0.00238,  0.00252,  0.00265,  0.00276,  0.00285,  0.00292,  0.00296,  0.00297,  0.00296,  0.00292,  0.00285,  0.00276,  0.00265,  0.00252,  0.00238,  0.00222,  0.00206,  0.00189,
   0.00193,  0.00211,  0.00227,  0.00243,  0.00258,  0.00271,  0.00283,  0.00292,  0.00299,  0.00303,  0.00304,  0.00303,  0.00299,  0.00292,  0.00283,  0.00271,  0.00258,  0.00243,  0.00227,  0.00211,  0.00193,
   0.00196,  0.00213,  0.00231,  0.00247,  0.00262,  0.00275,  0.00287,  0.00296,  0.00303,  0.00307,  0.00308,  0.00307,  0.00303,  0.00296,  0.00287,  0.00275,  0.00262,  0.00247,  0.00231,  0.00213,  0.00196,
   0.00197,  0.00214,  0.00232,  0.00248,  0.00263,  0.00276,  0.00288,  0.00297,  0.00304,  0.00308,  0.00310,  0.00308,  0.00304,  0.00297,  0.00288,  0.00276,  0.00263,  0.00248,  0.00232,  0.00214,  0.00197,
   0.00196,  0.00213,  0.00231,  0.00247,  0.00262,  0.00275,  0.00287,  0.00296,  0.00303,  0.00307,  0.00308,  0.00307,  0.00303,  0.00296,  0.00287,  0.00275,  0.00262,  0.00247,  0.00231,  0.00213,  0.00196,
   0.00193,  0.00211,  0.00227,  0.00243,  0.00258,  0.00271,  0.00283,  0.00292,  0.00299,  0.00303,  0.00304,  0.00303,  0.00299,  0.00292,  0.00283,  0.00271,  0.00258,  0.00243,  0.00227,  0.00211,  0.00193,
   0.00189,  0.00206,  0.00222,  0.00238,  0.00252,  0.00265,  0.00276,  0.00285,  0.00292,  0.00296,  0.00297,  0.00296,  0.00292,  0.00285,  0.00276,  0.00265,  0.00252,  0.00238,  0.00222,  0.00206,  0.00189,
   0.00183,  0.00199,  0.00215,  0.00231,  0.00245,  0.00257,  0.00268,  0.00276,  0.00283,  0.00287,  0.00288,  0.00287,  0.00283,  0.00276,  0.00268,  0.00257,  0.00245,  0.00231,  0.00215,  0.00199,  0.00183,
   0.00176,  0.00191,  0.00207,  0.00221,  0.00235,  0.00247,  0.00257,  0.00265,  0.00271,  0.00275,  0.00276,  0.00275,  0.00271,  0.00265,  0.00257,  0.00247,  0.00235,  0.00221,  0.00207,  0.00191,  0.00176,
   0.00167,  0.00182,  0.00197,  0.00211,  0.00223,  0.00235,  0.00245,  0.00252,  0.00258,  0.00262,  0.00263,  0.00262,  0.00258,  0.00252,  0.00245,  0.00235,  0.00223,  0.00211,  0.00197,  0.00182,  0.00167,
   0.00158,  0.00172,  0.00185,  0.00198,  0.00211,  0.00221,  0.00231,  0.00238,  0.00243,  0.00247,  0.00248,  0.00247,  0.00243,  0.00238,  0.00231,  0.00221,  0.00211,  0.00198,  0.00185,  0.00172,  0.00158,
   0.00147,  0.00160,  0.00173,  0.00185,  0.00197,  0.00207,  0.00215,  0.00222,  0.00227,  0.00231,  0.00232,  0.00231,  0.00227,  0.00222,  0.00215,  0.00207,  0.00197,  0.00185,  0.00173,  0.00160,  0.00147,
   0.00136,  0.00148,  0.00160,  0.00172,  0.00182,  0.00191,  0.00199,  0.00206,  0.00211,  0.00213,  0.00214,  0.00213,  0.00211,  0.00206,  0.00199,  0.00191,  0.00182,  0.00172,  0.00160,  0.00148,  0.00136,
   0.00125,  0.00136,  0.00147,  0.00158,  0.00167,  0.00176,  0.00183,  0.00189,  0.00193,  0.00196,  0.00197,  0.00196,  0.00193,  0.00189,  0.00183,  0.00176,  0.00167,  0.00158,  0.00147,  0.00136,  0.00125
]
Sum of kernel values: 1.000001 (should be ~1.0)
==================================================================
Reading input image crane.jpg
Input image: 2586 x 3879
Running Kernel
Kernel execution time:  3.9 ms 
Writing results to output image with dimensions: 2566 x 3859
Freed device memory
==================================================================
Reading input image chicken.jpg
Input image: 5472 x 3648
Running Kernel
Kernel execution time:  7.7 ms 
Writing results to output image with dimensions: 5452 x 3628
Freed device memory
==================================================================
Reading input image lightbulb.jpg
Input image: 2756 x 4134
Running Kernel
Kernel execution time:  4.4 ms 
Writing results to output image with dimensions: 2736 x 4114
Freed device memory
==================================================================
Reading input image nasa.jpg
Input image: 5735 x 5735
Running Kernel
Kernel execution time:  12.7 ms 
Writing results to output image with dimensions: 5715 x 5715
Freed device memory
==================================================================
Reading input image circuit.jpg
Input image: 3264 x 3264
Running Kernel
Kernel execution time:  4.1 ms 
Writing results to output image with dimensions: 3244 x 3244
Freed device memory
==================================================================
Reading input image earth.jpg
Input image: 6561 x 4920
Running Kernel
Kernel execution time:  12.5 ms 
Writing results to output image with dimensions: 6541 x 4900
Freed device memory
==================================================================
Reading input image pug.jpg
Input image: 3024 x 4032
Running Kernel
Kernel execution time:  4.7 ms 
Writing results to output image with dimensions: 3004 x 4012
Freed device memory
==================================================================
Reading input image leaves.jpg
Input image: 5472 x 3648
Running Kernel
Kernel execution time:  7.7 ms 
Writing results to output image with dimensions: 5452 x 3628
Freed device memory
==================================================================
Reading input image tree.jpg
Input image: 1987 x 3000
Running Kernel
Kernel execution time:  2.3 ms 
Writing results to output image with dimensions: 1967 x 2980
Freed device memory
==================================================================
Reading input image goldfish.jpg
Input image: 5142 x 7242
Running Kernel
Kernel execution time:  14.4 ms 
Writing results to output image with dimensions: 5122 x 7222
Freed device memory
==================================================================
Program completed
