Reading input image crane.jpg
Input image: 2586 x 3879
Gaussian Kernel 17x17:
[
   0.00180,  0.00203,  0.00224,  0.00245,  0.00262,  0.00277,  0.00288,  0.00295,  0.00297,  0.00295,  0.00288,  0.00277,  0.00262,  0.00245,  0.00224,  0.00203,  0.00180,
   0.00203,  0.00228,  0.00252,  0.00275,  0.00295,  0.00312,  0.00324,  0.00332,  0.00334,  0.00332,  0.00324,  0.00312,  0.00295,  0.00275,  0.00252,  0.00228,  0.00203,
   0.00224,  0.00252,  0.00279,  0.00304,  0.00326,  0.00345,  0.00359,  0.00367,  0.00370,  0.00367,  0.00359,  0.00345,  0.00326,  0.00304,  0.00279,  0.00252,  0.00224,
   0.00245,  0.00275,  0.00304,  0.00332,  0.00356,  0.00376,  0.00391,  0.00400,  0.00403,  0.00400,  0.00391,  0.00376,  0.00356,  0.00332,  0.00304,  0.00275,  0.00245,
   0.00262,  0.00295,  0.00326,  0.00356,  0.00382,  0.00403,  0.00419,  0.00429,  0.00433,  0.00429,  0.00419,  0.00403,  0.00382,  0.00356,  0.00326,  0.00295,  0.00262,
   0.00277,  0.00312,  0.00345,  0.00376,  0.00403,  0.00426,  0.00443,  0.00453,  0.00457,  0.00453,  0.00443,  0.00426,  0.00403,  0.00376,  0.00345,  0.00312,  0.00277,
   0.00288,  0.00324,  0.00359,  0.00391,  0.00419,  0.00443,  0.00460,  0.00471,  0.00475,  0.00471,  0.00460,  0.00443,  0.00419,  0.00391,  0.00359,  0.00324,  0.00288,
   0.00295,  0.00332,  0.00367,  0.00400,  0.00429,  0.00453,  0.00471,  0.00483,  0.00486,  0.00483,  0.00471,  0.00453,  0.00429,  0.00400,  0.00367,  0.00332,  0.00295,
   0.00297,  0.00334,  0.00370,  0.00403,  0.00433,  0.00457,  0.00475,  0.00486,  0.00490,  0.00486,  0.00475,  0.00457,  0.00433,  0.00403,  0.00370,  0.00334,  0.00297,
   0.00295,  0.00332,  0.00367,  0.00400,  0.00429,  0.00453,  0.00471,  0.00483,  0.00486,  0.00483,  0.00471,  0.00453,  0.00429,  0.00400,  0.00367,  0.00332,  0.00295,
   0.00288,  0.00324,  0.00359,  0.00391,  0.00419,  0.00443,  0.00460,  0.00471,  0.00475,  0.00471,  0.00460,  0.00443,  0.00419,  0.00391,  0.00359,  0.00324,  0.00288,
   0.00277,  0.00312,  0.00345,  0.00376,  0.00403,  0.00426,  0.00443,  0.00453,  0.00457,  0.00453,  0.00443,  0.00426,  0.00403,  0.00376,  0.00345,  0.00312,  0.00277,
   0.00262,  0.00295,  0.00326,  0.00356,  0.00382,  0.00403,  0.00419,  0.00429,  0.00433,  0.00429,  0.00419,  0.00403,  0.00382,  0.00356,  0.00326,  0.00295,  0.00262,
   0.00245,  0.00275,  0.00304,  0.00332,  0.00356,  0.00376,  0.00391,  0.00400,  0.00403,  0.00400,  0.00391,  0.00376,  0.00356,  0.00332,  0.00304,  0.00275,  0.00245,
   0.00224,  0.00252,  0.00279,  0.00304,  0.00326,  0.00345,  0.00359,  0.00367,  0.00370,  0.00367,  0.00359,  0.00345,  0.00326,  0.00304,  0.00279,  0.00252,  0.00224,
   0.00203,  0.00228,  0.00252,  0.00275,  0.00295,  0.00312,  0.00324,  0.00332,  0.00334,  0.00332,  0.00324,  0.00312,  0.00295,  0.00275,  0.00252,  0.00228,  0.00203,
   0.00180,  0.00203,  0.00224,  0.00245,  0.00262,  0.00277,  0.00288,  0.00295,  0.00297,  0.00295,  0.00288,  0.00277,  0.00262,  0.00245,  0.00224,  0.00203,  0.00180
]
Sum of kernel values: 1.000000 (should be ~1.0)
Running Kernel
Kernel execution time:  3.0 ms 
Writing results to output image with dimensions: 2570 x 3863
Freed device memory
Reading input image chicken.jpg
Input image: 5472 x 3648
Gaussian Kernel 17x17:
[
   0.00180,  0.00203,  0.00224,  0.00245,  0.00262,  0.00277,  0.00288,  0.00295,  0.00297,  0.00295,  0.00288,  0.00277,  0.00262,  0.00245,  0.00224,  0.00203,  0.00180,
   0.00203,  0.00228,  0.00252,  0.00275,  0.00295,  0.00312,  0.00324,  0.00332,  0.00334,  0.00332,  0.00324,  0.00312,  0.00295,  0.00275,  0.00252,  0.00228,  0.00203,
   0.00224,  0.00252,  0.00279,  0.00304,  0.00326,  0.00345,  0.00359,  0.00367,  0.00370,  0.00367,  0.00359,  0.00345,  0.00326,  0.00304,  0.00279,  0.00252,  0.00224,
   0.00245,  0.00275,  0.00304,  0.00332,  0.00356,  0.00376,  0.00391,  0.00400,  0.00403,  0.00400,  0.00391,  0.00376,  0.00356,  0.00332,  0.00304,  0.00275,  0.00245,
   0.00262,  0.00295,  0.00326,  0.00356,  0.00382,  0.00403,  0.00419,  0.00429,  0.00433,  0.00429,  0.00419,  0.00403,  0.00382,  0.00356,  0.00326,  0.00295,  0.00262,
   0.00277,  0.00312,  0.00345,  0.00376,  0.00403,  0.00426,  0.00443,  0.00453,  0.00457,  0.00453,  0.00443,  0.00426,  0.00403,  0.00376,  0.00345,  0.00312,  0.00277,
   0.00288,  0.00324,  0.00359,  0.00391,  0.00419,  0.00443,  0.00460,  0.00471,  0.00475,  0.00471,  0.00460,  0.00443,  0.00419,  0.00391,  0.00359,  0.00324,  0.00288,
   0.00295,  0.00332,  0.00367,  0.00400,  0.00429,  0.00453,  0.00471,  0.00483,  0.00486,  0.00483,  0.00471,  0.00453,  0.00429,  0.00400,  0.00367,  0.00332,  0.00295,
   0.00297,  0.00334,  0.00370,  0.00403,  0.00433,  0.00457,  0.00475,  0.00486,  0.00490,  0.00486,  0.00475,  0.00457,  0.00433,  0.00403,  0.00370,  0.00334,  0.00297,
   0.00295,  0.00332,  0.00367,  0.00400,  0.00429,  0.00453,  0.00471,  0.00483,  0.00486,  0.00483,  0.00471,  0.00453,  0.00429,  0.00400,  0.00367,  0.00332,  0.00295,
   0.00288,  0.00324,  0.00359,  0.00391,  0.00419,  0.00443,  0.00460,  0.00471,  0.00475,  0.00471,  0.00460,  0.00443,  0.00419,  0.00391,  0.00359,  0.00324,  0.00288,
   0.00277,  0.00312,  0.00345,  0.00376,  0.00403,  0.00426,  0.00443,  0.00453,  0.00457,  0.00453,  0.00443,  0.00426,  0.00403,  0.00376,  0.00345,  0.00312,  0.00277,
   0.00262,  0.00295,  0.00326,  0.00356,  0.00382,  0.00403,  0.00419,  0.00429,  0.00433,  0.00429,  0.00419,  0.00403,  0.00382,  0.00356,  0.00326,  0.00295,  0.00262,
   0.00245,  0.00275,  0.00304,  0.00332,  0.00356,  0.00376,  0.00391,  0.00400,  0.00403,  0.00400,  0.00391,  0.00376,  0.00356,  0.00332,  0.00304,  0.00275,  0.00245,
   0.00224,  0.00252,  0.00279,  0.00304,  0.00326,  0.00345,  0.00359,  0.00367,  0.00370,  0.00367,  0.00359,  0.00345,  0.00326,  0.00304,  0.00279,  0.00252,  0.00224,
   0.00203,  0.00228,  0.00252,  0.00275,  0.00295,  0.00312,  0.00324,  0.00332,  0.00334,  0.00332,  0.00324,  0.00312,  0.00295,  0.00275,  0.00252,  0.00228,  0.00203,
   0.00180,  0.00203,  0.00224,  0.00245,  0.00262,  0.00277,  0.00288,  0.00295,  0.00297,  0.00295,  0.00288,  0.00277,  0.00262,  0.00245,  0.00224,  0.00203,  0.00180
]
Sum of kernel values: 1.000000 (should be ~1.0)
Running Kernel
Kernel execution time:  5.9 ms 
Writing results to output image with dimensions: 5456 x 3632
Freed device memory
Reading input image lightbulb.jpg
Input image: 2756 x 4134
Gaussian Kernel 17x17:
[
   0.00180,  0.00203,  0.00224,  0.00245,  0.00262,  0.00277,  0.00288,  0.00295,  0.00297,  0.00295,  0.00288,  0.00277,  0.00262,  0.00245,  0.00224,  0.00203,  0.00180,
   0.00203,  0.00228,  0.00252,  0.00275,  0.00295,  0.00312,  0.00324,  0.00332,  0.00334,  0.00332,  0.00324,  0.00312,  0.00295,  0.00275,  0.00252,  0.00228,  0.00203,
   0.00224,  0.00252,  0.00279,  0.00304,  0.00326,  0.00345,  0.00359,  0.00367,  0.00370,  0.00367,  0.00359,  0.00345,  0.00326,  0.00304,  0.00279,  0.00252,  0.00224,
   0.00245,  0.00275,  0.00304,  0.00332,  0.00356,  0.00376,  0.00391,  0.00400,  0.00403,  0.00400,  0.00391,  0.00376,  0.00356,  0.00332,  0.00304,  0.00275,  0.00245,
   0.00262,  0.00295,  0.00326,  0.00356,  0.00382,  0.00403,  0.00419,  0.00429,  0.00433,  0.00429,  0.00419,  0.00403,  0.00382,  0.00356,  0.00326,  0.00295,  0.00262,
   0.00277,  0.00312,  0.00345,  0.00376,  0.00403,  0.00426,  0.00443,  0.00453,  0.00457,  0.00453,  0.00443,  0.00426,  0.00403,  0.00376,  0.00345,  0.00312,  0.00277,
   0.00288,  0.00324,  0.00359,  0.00391,  0.00419,  0.00443,  0.00460,  0.00471,  0.00475,  0.00471,  0.00460,  0.00443,  0.00419,  0.00391,  0.00359,  0.00324,  0.00288,
   0.00295,  0.00332,  0.00367,  0.00400,  0.00429,  0.00453,  0.00471,  0.00483,  0.00486,  0.00483,  0.00471,  0.00453,  0.00429,  0.00400,  0.00367,  0.00332,  0.00295,
   0.00297,  0.00334,  0.00370,  0.00403,  0.00433,  0.00457,  0.00475,  0.00486,  0.00490,  0.00486,  0.00475,  0.00457,  0.00433,  0.00403,  0.00370,  0.00334,  0.00297,
   0.00295,  0.00332,  0.00367,  0.00400,  0.00429,  0.00453,  0.00471,  0.00483,  0.00486,  0.00483,  0.00471,  0.00453,  0.00429,  0.00400,  0.00367,  0.00332,  0.00295,
   0.00288,  0.00324,  0.00359,  0.00391,  0.00419,  0.00443,  0.00460,  0.00471,  0.00475,  0.00471,  0.00460,  0.00443,  0.00419,  0.00391,  0.00359,  0.00324,  0.00288,
   0.00277,  0.00312,  0.00345,  0.00376,  0.00403,  0.00426,  0.00443,  0.00453,  0.00457,  0.00453,  0.00443,  0.00426,  0.00403,  0.00376,  0.00345,  0.00312,  0.00277,
   0.00262,  0.00295,  0.00326,  0.00356,  0.00382,  0.00403,  0.00419,  0.00429,  0.00433,  0.00429,  0.00419,  0.00403,  0.00382,  0.00356,  0.00326,  0.00295,  0.00262,
   0.00245,  0.00275,  0.00304,  0.00332,  0.00356,  0.00376,  0.00391,  0.00400,  0.00403,  0.00400,  0.00391,  0.00376,  0.00356,  0.00332,  0.00304,  0.00275,  0.00245,
   0.00224,  0.00252,  0.00279,  0.00304,  0.00326,  0.00345,  0.00359,  0.00367,  0.00370,  0.00367,  0.00359,  0.00345,  0.00326,  0.00304,  0.00279,  0.00252,  0.00224,
   0.00203,  0.00228,  0.00252,  0.00275,  0.00295,  0.00312,  0.00324,  0.00332,  0.00334,  0.00332,  0.00324,  0.00312,  0.00295,  0.00275,  0.00252,  0.00228,  0.00203,
   0.00180,  0.00203,  0.00224,  0.00245,  0.00262,  0.00277,  0.00288,  0.00295,  0.00297,  0.00295,  0.00288,  0.00277,  0.00262,  0.00245,  0.00224,  0.00203,  0.00180
]
Sum of kernel values: 1.000000 (should be ~1.0)
Running Kernel
Kernel execution time:  3.4 ms 
Writing results to output image with dimensions: 2740 x 4118
Freed device memory
Reading input image nasa.jpg
Input image: 5735 x 5735
Gaussian Kernel 17x17:
[
   0.00180,  0.00203,  0.00224,  0.00245,  0.00262,  0.00277,  0.00288,  0.00295,  0.00297,  0.00295,  0.00288,  0.00277,  0.00262,  0.00245,  0.00224,  0.00203,  0.00180,
   0.00203,  0.00228,  0.00252,  0.00275,  0.00295,  0.00312,  0.00324,  0.00332,  0.00334,  0.00332,  0.00324,  0.00312,  0.00295,  0.00275,  0.00252,  0.00228,  0.00203,
   0.00224,  0.00252,  0.00279,  0.00304,  0.00326,  0.00345,  0.00359,  0.00367,  0.00370,  0.00367,  0.00359,  0.00345,  0.00326,  0.00304,  0.00279,  0.00252,  0.00224,
   0.00245,  0.00275,  0.00304,  0.00332,  0.00356,  0.00376,  0.00391,  0.00400,  0.00403,  0.00400,  0.00391,  0.00376,  0.00356,  0.00332,  0.00304,  0.00275,  0.00245,
   0.00262,  0.00295,  0.00326,  0.00356,  0.00382,  0.00403,  0.00419,  0.00429,  0.00433,  0.00429,  0.00419,  0.00403,  0.00382,  0.00356,  0.00326,  0.00295,  0.00262,
   0.00277,  0.00312,  0.00345,  0.00376,  0.00403,  0.00426,  0.00443,  0.00453,  0.00457,  0.00453,  0.00443,  0.00426,  0.00403,  0.00376,  0.00345,  0.00312,  0.00277,
   0.00288,  0.00324,  0.00359,  0.00391,  0.00419,  0.00443,  0.00460,  0.00471,  0.00475,  0.00471,  0.00460,  0.00443,  0.00419,  0.00391,  0.00359,  0.00324,  0.00288,
   0.00295,  0.00332,  0.00367,  0.00400,  0.00429,  0.00453,  0.00471,  0.00483,  0.00486,  0.00483,  0.00471,  0.00453,  0.00429,  0.00400,  0.00367,  0.00332,  0.00295,
   0.00297,  0.00334,  0.00370,  0.00403,  0.00433,  0.00457,  0.00475,  0.00486,  0.00490,  0.00486,  0.00475,  0.00457,  0.00433,  0.00403,  0.00370,  0.00334,  0.00297,
   0.00295,  0.00332,  0.00367,  0.00400,  0.00429,  0.00453,  0.00471,  0.00483,  0.00486,  0.00483,  0.00471,  0.00453,  0.00429,  0.00400,  0.00367,  0.00332,  0.00295,
   0.00288,  0.00324,  0.00359,  0.00391,  0.00419,  0.00443,  0.00460,  0.00471,  0.00475,  0.00471,  0.00460,  0.00443,  0.00419,  0.00391,  0.00359,  0.00324,  0.00288,
   0.00277,  0.00312,  0.00345,  0.00376,  0.00403,  0.00426,  0.00443,  0.00453,  0.00457,  0.00453,  0.00443,  0.00426,  0.00403,  0.00376,  0.00345,  0.00312,  0.00277,
   0.00262,  0.00295,  0.00326,  0.00356,  0.00382,  0.00403,  0.00419,  0.00429,  0.00433,  0.00429,  0.00419,  0.00403,  0.00382,  0.00356,  0.00326,  0.00295,  0.00262,
   0.00245,  0.00275,  0.00304,  0.00332,  0.00356,  0.00376,  0.00391,  0.00400,  0.00403,  0.00400,  0.00391,  0.00376,  0.00356,  0.00332,  0.00304,  0.00275,  0.00245,
   0.00224,  0.00252,  0.00279,  0.00304,  0.00326,  0.00345,  0.00359,  0.00367,  0.00370,  0.00367,  0.00359,  0.00345,  0.00326,  0.00304,  0.00279,  0.00252,  0.00224,
   0.00203,  0.00228,  0.00252,  0.00275,  0.00295,  0.00312,  0.00324,  0.00332,  0.00334,  0.00332,  0.00324,  0.00312,  0.00295,  0.00275,  0.00252,  0.00228,  0.00203,
   0.00180,  0.00203,  0.00224,  0.00245,  0.00262,  0.00277,  0.00288,  0.00295,  0.00297,  0.00295,  0.00288,  0.00277,  0.00262,  0.00245,  0.00224,  0.00203,  0.00180
]
Sum of kernel values: 1.000000 (should be ~1.0)
Running Kernel
Kernel execution time:  9.8 ms 
Writing results to output image with dimensions: 5719 x 5719
Freed device memory
Reading input image circuit.jpg
Input image: 3264 x 3264
Gaussian Kernel 17x17:
[
   0.00180,  0.00203,  0.00224,  0.00245,  0.00262,  0.00277,  0.00288,  0.00295,  0.00297,  0.00295,  0.00288,  0.00277,  0.00262,  0.00245,  0.00224,  0.00203,  0.00180,
   0.00203,  0.00228,  0.00252,  0.00275,  0.00295,  0.00312,  0.00324,  0.00332,  0.00334,  0.00332,  0.00324,  0.00312,  0.00295,  0.00275,  0.00252,  0.00228,  0.00203,
   0.00224,  0.00252,  0.00279,  0.00304,  0.00326,  0.00345,  0.00359,  0.00367,  0.00370,  0.00367,  0.00359,  0.00345,  0.00326,  0.00304,  0.00279,  0.00252,  0.00224,
   0.00245,  0.00275,  0.00304,  0.00332,  0.00356,  0.00376,  0.00391,  0.00400,  0.00403,  0.00400,  0.00391,  0.00376,  0.00356,  0.00332,  0.00304,  0.00275,  0.00245,
   0.00262,  0.00295,  0.00326,  0.00356,  0.00382,  0.00403,  0.00419,  0.00429,  0.00433,  0.00429,  0.00419,  0.00403,  0.00382,  0.00356,  0.00326,  0.00295,  0.00262,
   0.00277,  0.00312,  0.00345,  0.00376,  0.00403,  0.00426,  0.00443,  0.00453,  0.00457,  0.00453,  0.00443,  0.00426,  0.00403,  0.00376,  0.00345,  0.00312,  0.00277,
   0.00288,  0.00324,  0.00359,  0.00391,  0.00419,  0.00443,  0.00460,  0.00471,  0.00475,  0.00471,  0.00460,  0.00443,  0.00419,  0.00391,  0.00359,  0.00324,  0.00288,
   0.00295,  0.00332,  0.00367,  0.00400,  0.00429,  0.00453,  0.00471,  0.00483,  0.00486,  0.00483,  0.00471,  0.00453,  0.00429,  0.00400,  0.00367,  0.00332,  0.00295,
   0.00297,  0.00334,  0.00370,  0.00403,  0.00433,  0.00457,  0.00475,  0.00486,  0.00490,  0.00486,  0.00475,  0.00457,  0.00433,  0.00403,  0.00370,  0.00334,  0.00297,
   0.00295,  0.00332,  0.00367,  0.00400,  0.00429,  0.00453,  0.00471,  0.00483,  0.00486,  0.00483,  0.00471,  0.00453,  0.00429,  0.00400,  0.00367,  0.00332,  0.00295,
   0.00288,  0.00324,  0.00359,  0.00391,  0.00419,  0.00443,  0.00460,  0.00471,  0.00475,  0.00471,  0.00460,  0.00443,  0.00419,  0.00391,  0.00359,  0.00324,  0.00288,
   0.00277,  0.00312,  0.00345,  0.00376,  0.00403,  0.00426,  0.00443,  0.00453,  0.00457,  0.00453,  0.00443,  0.00426,  0.00403,  0.00376,  0.00345,  0.00312,  0.00277,
   0.00262,  0.00295,  0.00326,  0.00356,  0.00382,  0.00403,  0.00419,  0.00429,  0.00433,  0.00429,  0.00419,  0.00403,  0.00382,  0.00356,  0.00326,  0.00295,  0.00262,
   0.00245,  0.00275,  0.00304,  0.00332,  0.00356,  0.00376,  0.00391,  0.00400,  0.00403,  0.00400,  0.00391,  0.00376,  0.00356,  0.00332,  0.00304,  0.00275,  0.00245,
   0.00224,  0.00252,  0.00279,  0.00304,  0.00326,  0.00345,  0.00359,  0.00367,  0.00370,  0.00367,  0.00359,  0.00345,  0.00326,  0.00304,  0.00279,  0.00252,  0.00224,
   0.00203,  0.00228,  0.00252,  0.00275,  0.00295,  0.00312,  0.00324,  0.00332,  0.00334,  0.00332,  0.00324,  0.00312,  0.00295,  0.00275,  0.00252,  0.00228,  0.00203,
   0.00180,  0.00203,  0.00224,  0.00245,  0.00262,  0.00277,  0.00288,  0.00295,  0.00297,  0.00295,  0.00288,  0.00277,  0.00262,  0.00245,  0.00224,  0.00203,  0.00180
]
Sum of kernel values: 1.000000 (should be ~1.0)
Running Kernel
Kernel execution time:  3.2 ms 
Writing results to output image with dimensions: 3248 x 3248
Freed device memory
Reading input image earth.jpg
Input image: 6561 x 4920
Gaussian Kernel 17x17:
[
   0.00180,  0.00203,  0.00224,  0.00245,  0.00262,  0.00277,  0.00288,  0.00295,  0.00297,  0.00295,  0.00288,  0.00277,  0.00262,  0.00245,  0.00224,  0.00203,  0.00180,
   0.00203,  0.00228,  0.00252,  0.00275,  0.00295,  0.00312,  0.00324,  0.00332,  0.00334,  0.00332,  0.00324,  0.00312,  0.00295,  0.00275,  0.00252,  0.00228,  0.00203,
   0.00224,  0.00252,  0.00279,  0.00304,  0.00326,  0.00345,  0.00359,  0.00367,  0.00370,  0.00367,  0.00359,  0.00345,  0.00326,  0.00304,  0.00279,  0.00252,  0.00224,
   0.00245,  0.00275,  0.00304,  0.00332,  0.00356,  0.00376,  0.00391,  0.00400,  0.00403,  0.00400,  0.00391,  0.00376,  0.00356,  0.00332,  0.00304,  0.00275,  0.00245,
   0.00262,  0.00295,  0.00326,  0.00356,  0.00382,  0.00403,  0.00419,  0.00429,  0.00433,  0.00429,  0.00419,  0.00403,  0.00382,  0.00356,  0.00326,  0.00295,  0.00262,
   0.00277,  0.00312,  0.00345,  0.00376,  0.00403,  0.00426,  0.00443,  0.00453,  0.00457,  0.00453,  0.00443,  0.00426,  0.00403,  0.00376,  0.00345,  0.00312,  0.00277,
   0.00288,  0.00324,  0.00359,  0.00391,  0.00419,  0.00443,  0.00460,  0.00471,  0.00475,  0.00471,  0.00460,  0.00443,  0.00419,  0.00391,  0.00359,  0.00324,  0.00288,
   0.00295,  0.00332,  0.00367,  0.00400,  0.00429,  0.00453,  0.00471,  0.00483,  0.00486,  0.00483,  0.00471,  0.00453,  0.00429,  0.00400,  0.00367,  0.00332,  0.00295,
   0.00297,  0.00334,  0.00370,  0.00403,  0.00433,  0.00457,  0.00475,  0.00486,  0.00490,  0.00486,  0.00475,  0.00457,  0.00433,  0.00403,  0.00370,  0.00334,  0.00297,
   0.00295,  0.00332,  0.00367,  0.00400,  0.00429,  0.00453,  0.00471,  0.00483,  0.00486,  0.00483,  0.00471,  0.00453,  0.00429,  0.00400,  0.00367,  0.00332,  0.00295,
   0.00288,  0.00324,  0.00359,  0.00391,  0.00419,  0.00443,  0.00460,  0.00471,  0.00475,  0.00471,  0.00460,  0.00443,  0.00419,  0.00391,  0.00359,  0.00324,  0.00288,
   0.00277,  0.00312,  0.00345,  0.00376,  0.00403,  0.00426,  0.00443,  0.00453,  0.00457,  0.00453,  0.00443,  0.00426,  0.00403,  0.00376,  0.00345,  0.00312,  0.00277,
   0.00262,  0.00295,  0.00326,  0.00356,  0.00382,  0.00403,  0.00419,  0.00429,  0.00433,  0.00429,  0.00419,  0.00403,  0.00382,  0.00356,  0.00326,  0.00295,  0.00262,
   0.00245,  0.00275,  0.00304,  0.00332,  0.00356,  0.00376,  0.00391,  0.00400,  0.00403,  0.00400,  0.00391,  0.00376,  0.00356,  0.00332,  0.00304,  0.00275,  0.00245,
   0.00224,  0.00252,  0.00279,  0.00304,  0.00326,  0.00345,  0.00359,  0.00367,  0.00370,  0.00367,  0.00359,  0.00345,  0.00326,  0.00304,  0.00279,  0.00252,  0.00224,
   0.00203,  0.00228,  0.00252,  0.00275,  0.00295,  0.00312,  0.00324,  0.00332,  0.00334,  0.00332,  0.00324,  0.00312,  0.00295,  0.00275,  0.00252,  0.00228,  0.00203,
   0.00180,  0.00203,  0.00224,  0.00245,  0.00262,  0.00277,  0.00288,  0.00295,  0.00297,  0.00295,  0.00288,  0.00277,  0.00262,  0.00245,  0.00224,  0.00203,  0.00180
]
Sum of kernel values: 1.000000 (should be ~1.0)
Running Kernel
Kernel execution time:  9.6 ms 
Writing results to output image with dimensions: 6545 x 4904
Freed device memory
Reading input image pug.jpg
Input image: 3024 x 4032
Gaussian Kernel 17x17:
[
   0.00180,  0.00203,  0.00224,  0.00245,  0.00262,  0.00277,  0.00288,  0.00295,  0.00297,  0.00295,  0.00288,  0.00277,  0.00262,  0.00245,  0.00224,  0.00203,  0.00180,
   0.00203,  0.00228,  0.00252,  0.00275,  0.00295,  0.00312,  0.00324,  0.00332,  0.00334,  0.00332,  0.00324,  0.00312,  0.00295,  0.00275,  0.00252,  0.00228,  0.00203,
   0.00224,  0.00252,  0.00279,  0.00304,  0.00326,  0.00345,  0.00359,  0.00367,  0.00370,  0.00367,  0.00359,  0.00345,  0.00326,  0.00304,  0.00279,  0.00252,  0.00224,
   0.00245,  0.00275,  0.00304,  0.00332,  0.00356,  0.00376,  0.00391,  0.00400,  0.00403,  0.00400,  0.00391,  0.00376,  0.00356,  0.00332,  0.00304,  0.00275,  0.00245,
   0.00262,  0.00295,  0.00326,  0.00356,  0.00382,  0.00403,  0.00419,  0.00429,  0.00433,  0.00429,  0.00419,  0.00403,  0.00382,  0.00356,  0.00326,  0.00295,  0.00262,
   0.00277,  0.00312,  0.00345,  0.00376,  0.00403,  0.00426,  0.00443,  0.00453,  0.00457,  0.00453,  0.00443,  0.00426,  0.00403,  0.00376,  0.00345,  0.00312,  0.00277,
   0.00288,  0.00324,  0.00359,  0.00391,  0.00419,  0.00443,  0.00460,  0.00471,  0.00475,  0.00471,  0.00460,  0.00443,  0.00419,  0.00391,  0.00359,  0.00324,  0.00288,
   0.00295,  0.00332,  0.00367,  0.00400,  0.00429,  0.00453,  0.00471,  0.00483,  0.00486,  0.00483,  0.00471,  0.00453,  0.00429,  0.00400,  0.00367,  0.00332,  0.00295,
   0.00297,  0.00334,  0.00370,  0.00403,  0.00433,  0.00457,  0.00475,  0.00486,  0.00490,  0.00486,  0.00475,  0.00457,  0.00433,  0.00403,  0.00370,  0.00334,  0.00297,
   0.00295,  0.00332,  0.00367,  0.00400,  0.00429,  0.00453,  0.00471,  0.00483,  0.00486,  0.00483,  0.00471,  0.00453,  0.00429,  0.00400,  0.00367,  0.00332,  0.00295,
   0.00288,  0.00324,  0.00359,  0.00391,  0.00419,  0.00443,  0.00460,  0.00471,  0.00475,  0.00471,  0.00460,  0.00443,  0.00419,  0.00391,  0.00359,  0.00324,  0.00288,
   0.00277,  0.00312,  0.00345,  0.00376,  0.00403,  0.00426,  0.00443,  0.00453,  0.00457,  0.00453,  0.00443,  0.00426,  0.00403,  0.00376,  0.00345,  0.00312,  0.00277,
   0.00262,  0.00295,  0.00326,  0.00356,  0.00382,  0.00403,  0.00419,  0.00429,  0.00433,  0.00429,  0.00419,  0.00403,  0.00382,  0.00356,  0.00326,  0.00295,  0.00262,
   0.00245,  0.00275,  0.00304,  0.00332,  0.00356,  0.00376,  0.00391,  0.00400,  0.00403,  0.00400,  0.00391,  0.00376,  0.00356,  0.00332,  0.00304,  0.00275,  0.00245,
   0.00224,  0.00252,  0.00279,  0.00304,  0.00326,  0.00345,  0.00359,  0.00367,  0.00370,  0.00367,  0.00359,  0.00345,  0.00326,  0.00304,  0.00279,  0.00252,  0.00224,
   0.00203,  0.00228,  0.00252,  0.00275,  0.00295,  0.00312,  0.00324,  0.00332,  0.00334,  0.00332,  0.00324,  0.00312,  0.00295,  0.00275,  0.00252,  0.00228,  0.00203,
   0.00180,  0.00203,  0.00224,  0.00245,  0.00262,  0.00277,  0.00288,  0.00295,  0.00297,  0.00295,  0.00288,  0.00277,  0.00262,  0.00245,  0.00224,  0.00203,  0.00180
]
Sum of kernel values: 1.000000 (should be ~1.0)
Running Kernel
Kernel execution time:  3.6 ms 
Writing results to output image with dimensions: 3008 x 4016
Freed device memory
Reading input image leaves.jpg
Input image: 5472 x 3648
Gaussian Kernel 17x17:
[
   0.00180,  0.00203,  0.00224,  0.00245,  0.00262,  0.00277,  0.00288,  0.00295,  0.00297,  0.00295,  0.00288,  0.00277,  0.00262,  0.00245,  0.00224,  0.00203,  0.00180,
   0.00203,  0.00228,  0.00252,  0.00275,  0.00295,  0.00312,  0.00324,  0.00332,  0.00334,  0.00332,  0.00324,  0.00312,  0.00295,  0.00275,  0.00252,  0.00228,  0.00203,
   0.00224,  0.00252,  0.00279,  0.00304,  0.00326,  0.00345,  0.00359,  0.00367,  0.00370,  0.00367,  0.00359,  0.00345,  0.00326,  0.00304,  0.00279,  0.00252,  0.00224,
   0.00245,  0.00275,  0.00304,  0.00332,  0.00356,  0.00376,  0.00391,  0.00400,  0.00403,  0.00400,  0.00391,  0.00376,  0.00356,  0.00332,  0.00304,  0.00275,  0.00245,
   0.00262,  0.00295,  0.00326,  0.00356,  0.00382,  0.00403,  0.00419,  0.00429,  0.00433,  0.00429,  0.00419,  0.00403,  0.00382,  0.00356,  0.00326,  0.00295,  0.00262,
   0.00277,  0.00312,  0.00345,  0.00376,  0.00403,  0.00426,  0.00443,  0.00453,  0.00457,  0.00453,  0.00443,  0.00426,  0.00403,  0.00376,  0.00345,  0.00312,  0.00277,
   0.00288,  0.00324,  0.00359,  0.00391,  0.00419,  0.00443,  0.00460,  0.00471,  0.00475,  0.00471,  0.00460,  0.00443,  0.00419,  0.00391,  0.00359,  0.00324,  0.00288,
   0.00295,  0.00332,  0.00367,  0.00400,  0.00429,  0.00453,  0.00471,  0.00483,  0.00486,  0.00483,  0.00471,  0.00453,  0.00429,  0.00400,  0.00367,  0.00332,  0.00295,
   0.00297,  0.00334,  0.00370,  0.00403,  0.00433,  0.00457,  0.00475,  0.00486,  0.00490,  0.00486,  0.00475,  0.00457,  0.00433,  0.00403,  0.00370,  0.00334,  0.00297,
   0.00295,  0.00332,  0.00367,  0.00400,  0.00429,  0.00453,  0.00471,  0.00483,  0.00486,  0.00483,  0.00471,  0.00453,  0.00429,  0.00400,  0.00367,  0.00332,  0.00295,
   0.00288,  0.00324,  0.00359,  0.00391,  0.00419,  0.00443,  0.00460,  0.00471,  0.00475,  0.00471,  0.00460,  0.00443,  0.00419,  0.00391,  0.00359,  0.00324,  0.00288,
   0.00277,  0.00312,  0.00345,  0.00376,  0.00403,  0.00426,  0.00443,  0.00453,  0.00457,  0.00453,  0.00443,  0.00426,  0.00403,  0.00376,  0.00345,  0.00312,  0.00277,
   0.00262,  0.00295,  0.00326,  0.00356,  0.00382,  0.00403,  0.00419,  0.00429,  0.00433,  0.00429,  0.00419,  0.00403,  0.00382,  0.00356,  0.00326,  0.00295,  0.00262,
   0.00245,  0.00275,  0.00304,  0.00332,  0.00356,  0.00376,  0.00391,  0.00400,  0.00403,  0.00400,  0.00391,  0.00376,  0.00356,  0.00332,  0.00304,  0.00275,  0.00245,
   0.00224,  0.00252,  0.00279,  0.00304,  0.00326,  0.00345,  0.00359,  0.00367,  0.00370,  0.00367,  0.00359,  0.00345,  0.00326,  0.00304,  0.00279,  0.00252,  0.00224,
   0.00203,  0.00228,  0.00252,  0.00275,  0.00295,  0.00312,  0.00324,  0.00332,  0.00334,  0.00332,  0.00324,  0.00312,  0.00295,  0.00275,  0.00252,  0.00228,  0.00203,
   0.00180,  0.00203,  0.00224,  0.00245,  0.00262,  0.00277,  0.00288,  0.00295,  0.00297,  0.00295,  0.00288,  0.00277,  0.00262,  0.00245,  0.00224,  0.00203,  0.00180
]
Sum of kernel values: 1.000000 (should be ~1.0)
Running Kernel
Kernel execution time:  5.9 ms 
Writing results to output image with dimensions: 5456 x 3632
Freed device memory
Reading input image tree.jpg
Input image: 1987 x 3000
Gaussian Kernel 17x17:
[
   0.00180,  0.00203,  0.00224,  0.00245,  0.00262,  0.00277,  0.00288,  0.00295,  0.00297,  0.00295,  0.00288,  0.00277,  0.00262,  0.00245,  0.00224,  0.00203,  0.00180,
   0.00203,  0.00228,  0.00252,  0.00275,  0.00295,  0.00312,  0.00324,  0.00332,  0.00334,  0.00332,  0.00324,  0.00312,  0.00295,  0.00275,  0.00252,  0.00228,  0.00203,
   0.00224,  0.00252,  0.00279,  0.00304,  0.00326,  0.00345,  0.00359,  0.00367,  0.00370,  0.00367,  0.00359,  0.00345,  0.00326,  0.00304,  0.00279,  0.00252,  0.00224,
   0.00245,  0.00275,  0.00304,  0.00332,  0.00356,  0.00376,  0.00391,  0.00400,  0.00403,  0.00400,  0.00391,  0.00376,  0.00356,  0.00332,  0.00304,  0.00275,  0.00245,
   0.00262,  0.00295,  0.00326,  0.00356,  0.00382,  0.00403,  0.00419,  0.00429,  0.00433,  0.00429,  0.00419,  0.00403,  0.00382,  0.00356,  0.00326,  0.00295,  0.00262,
   0.00277,  0.00312,  0.00345,  0.00376,  0.00403,  0.00426,  0.00443,  0.00453,  0.00457,  0.00453,  0.00443,  0.00426,  0.00403,  0.00376,  0.00345,  0.00312,  0.00277,
   0.00288,  0.00324,  0.00359,  0.00391,  0.00419,  0.00443,  0.00460,  0.00471,  0.00475,  0.00471,  0.00460,  0.00443,  0.00419,  0.00391,  0.00359,  0.00324,  0.00288,
   0.00295,  0.00332,  0.00367,  0.00400,  0.00429,  0.00453,  0.00471,  0.00483,  0.00486,  0.00483,  0.00471,  0.00453,  0.00429,  0.00400,  0.00367,  0.00332,  0.00295,
   0.00297,  0.00334,  0.00370,  0.00403,  0.00433,  0.00457,  0.00475,  0.00486,  0.00490,  0.00486,  0.00475,  0.00457,  0.00433,  0.00403,  0.00370,  0.00334,  0.00297,
   0.00295,  0.00332,  0.00367,  0.00400,  0.00429,  0.00453,  0.00471,  0.00483,  0.00486,  0.00483,  0.00471,  0.00453,  0.00429,  0.00400,  0.00367,  0.00332,  0.00295,
   0.00288,  0.00324,  0.00359,  0.00391,  0.00419,  0.00443,  0.00460,  0.00471,  0.00475,  0.00471,  0.00460,  0.00443,  0.00419,  0.00391,  0.00359,  0.00324,  0.00288,
   0.00277,  0.00312,  0.00345,  0.00376,  0.00403,  0.00426,  0.00443,  0.00453,  0.00457,  0.00453,  0.00443,  0.00426,  0.00403,  0.00376,  0.00345,  0.00312,  0.00277,
   0.00262,  0.00295,  0.00326,  0.00356,  0.00382,  0.00403,  0.00419,  0.00429,  0.00433,  0.00429,  0.00419,  0.00403,  0.00382,  0.00356,  0.00326,  0.00295,  0.00262,
   0.00245,  0.00275,  0.00304,  0.00332,  0.00356,  0.00376,  0.00391,  0.00400,  0.00403,  0.00400,  0.00391,  0.00376,  0.00356,  0.00332,  0.00304,  0.00275,  0.00245,
   0.00224,  0.00252,  0.00279,  0.00304,  0.00326,  0.00345,  0.00359,  0.00367,  0.00370,  0.00367,  0.00359,  0.00345,  0.00326,  0.00304,  0.00279,  0.00252,  0.00224,
   0.00203,  0.00228,  0.00252,  0.00275,  0.00295,  0.00312,  0.00324,  0.00332,  0.00334,  0.00332,  0.00324,  0.00312,  0.00295,  0.00275,  0.00252,  0.00228,  0.00203,
   0.00180,  0.00203,  0.00224,  0.00245,  0.00262,  0.00277,  0.00288,  0.00295,  0.00297,  0.00295,  0.00288,  0.00277,  0.00262,  0.00245,  0.00224,  0.00203,  0.00180
]
Sum of kernel values: 1.000000 (should be ~1.0)
Running Kernel
Kernel execution time:  1.8 ms 
Writing results to output image with dimensions: 1971 x 2984
Freed device memory
Reading input image goldfish.jpg
Input image: 5142 x 7242
Gaussian Kernel 17x17:
[
   0.00180,  0.00203,  0.00224,  0.00245,  0.00262,  0.00277,  0.00288,  0.00295,  0.00297,  0.00295,  0.00288,  0.00277,  0.00262,  0.00245,  0.00224,  0.00203,  0.00180,
   0.00203,  0.00228,  0.00252,  0.00275,  0.00295,  0.00312,  0.00324,  0.00332,  0.00334,  0.00332,  0.00324,  0.00312,  0.00295,  0.00275,  0.00252,  0.00228,  0.00203,
   0.00224,  0.00252,  0.00279,  0.00304,  0.00326,  0.00345,  0.00359,  0.00367,  0.00370,  0.00367,  0.00359,  0.00345,  0.00326,  0.00304,  0.00279,  0.00252,  0.00224,
   0.00245,  0.00275,  0.00304,  0.00332,  0.00356,  0.00376,  0.00391,  0.00400,  0.00403,  0.00400,  0.00391,  0.00376,  0.00356,  0.00332,  0.00304,  0.00275,  0.00245,
   0.00262,  0.00295,  0.00326,  0.00356,  0.00382,  0.00403,  0.00419,  0.00429,  0.00433,  0.00429,  0.00419,  0.00403,  0.00382,  0.00356,  0.00326,  0.00295,  0.00262,
   0.00277,  0.00312,  0.00345,  0.00376,  0.00403,  0.00426,  0.00443,  0.00453,  0.00457,  0.00453,  0.00443,  0.00426,  0.00403,  0.00376,  0.00345,  0.00312,  0.00277,
   0.00288,  0.00324,  0.00359,  0.00391,  0.00419,  0.00443,  0.00460,  0.00471,  0.00475,  0.00471,  0.00460,  0.00443,  0.00419,  0.00391,  0.00359,  0.00324,  0.00288,
   0.00295,  0.00332,  0.00367,  0.00400,  0.00429,  0.00453,  0.00471,  0.00483,  0.00486,  0.00483,  0.00471,  0.00453,  0.00429,  0.00400,  0.00367,  0.00332,  0.00295,
   0.00297,  0.00334,  0.00370,  0.00403,  0.00433,  0.00457,  0.00475,  0.00486,  0.00490,  0.00486,  0.00475,  0.00457,  0.00433,  0.00403,  0.00370,  0.00334,  0.00297,
   0.00295,  0.00332,  0.00367,  0.00400,  0.00429,  0.00453,  0.00471,  0.00483,  0.00486,  0.00483,  0.00471,  0.00453,  0.00429,  0.00400,  0.00367,  0.00332,  0.00295,
   0.00288,  0.00324,  0.00359,  0.00391,  0.00419,  0.00443,  0.00460,  0.00471,  0.00475,  0.00471,  0.00460,  0.00443,  0.00419,  0.00391,  0.00359,  0.00324,  0.00288,
   0.00277,  0.00312,  0.00345,  0.00376,  0.00403,  0.00426,  0.00443,  0.00453,  0.00457,  0.00453,  0.00443,  0.00426,  0.00403,  0.00376,  0.00345,  0.00312,  0.00277,
   0.00262,  0.00295,  0.00326,  0.00356,  0.00382,  0.00403,  0.00419,  0.00429,  0.00433,  0.00429,  0.00419,  0.00403,  0.00382,  0.00356,  0.00326,  0.00295,  0.00262,
   0.00245,  0.00275,  0.00304,  0.00332,  0.00356,  0.00376,  0.00391,  0.00400,  0.00403,  0.00400,  0.00391,  0.00376,  0.00356,  0.00332,  0.00304,  0.00275,  0.00245,
   0.00224,  0.00252,  0.00279,  0.00304,  0.00326,  0.00345,  0.00359,  0.00367,  0.00370,  0.00367,  0.00359,  0.00345,  0.00326,  0.00304,  0.00279,  0.00252,  0.00224,
   0.00203,  0.00228,  0.00252,  0.00275,  0.00295,  0.00312,  0.00324,  0.00332,  0.00334,  0.00332,  0.00324,  0.00312,  0.00295,  0.00275,  0.00252,  0.00228,  0.00203,
   0.00180,  0.00203,  0.00224,  0.00245,  0.00262,  0.00277,  0.00288,  0.00295,  0.00297,  0.00295,  0.00288,  0.00277,  0.00262,  0.00245,  0.00224,  0.00203,  0.00180
]
Sum of kernel values: 1.000000 (should be ~1.0)
Running Kernel
Kernel execution time:  11.1 ms 
Writing results to output image with dimensions: 5126 x 7226
Freed device memory
Program completed
